2533
2378
442
225
345
204
32
150
78
55
60
12
637
26
41
137
577
152
1660
2300
729
2683
2144
52
1920
24
9
11
632
9
87
14
2904
169
13
8
8
55
2892
84
13
43
2368
1079
2564
425
648
370
283
269
3723
51
3159
1995
338
1516
216
14
2226
598
17
48
1048
12
36
63
244
38
15
176
14
453
33
8
122
21
15
347
34
564
408
569
3652
322
284
10
2140
15
19
1191
1147
42
253
10
1187
1143
1457
72
194
2789
56
12
316
235
229
169
22
456
256
1702
64
458
242
1028
647
300
1389
346
20
3371
1806
101
628
114
133
186
572
849
59
488
20
14
750
28
14
43
21
41
85
680
309
691
1366
18
3112
221
706
1080
19
1782
31
8
790
87
2168
460
71
10
97
527
662
253
33
2175
909
62
23
84
325
8
14
440
26
2451
1033
20
2372
3192
2802
11
49
390
215
9
8
2040
566
76
2771
13
176
459
15
736
8
61
11
25
646
16
28
40
900
93
434
8
8
257
3250
104
12
707
10
12
869
190
3078
2155
63
2133
130
1399
8
251
9
9
67
226
524
190
463
64
33
1827
26
64
65
28
2073
925
368
116
163
16
175
622
391
2361
335
3112
1259
10
38
47
12
42
55
1784
1218
126
85
2471
1023
12
39
118
101
321
419
916
1301
676
26
53
1391
20
8
2382
12
12
1853
66
16
308
392
441
1658
2709
196
17
1500
73
191
383
115
943
11
50
1326
20
11
431
1769
38
100
21
1737
1821
12
2620
2769
103
43
202
140
2135
22
1018
50
19
2249
18
3070
1879
31
1544
15
794
19
2573
2075
28
9
32
2432
2135
1511
1056
972
84
24
23
38
131
595
676
1231
58
172
15
139
1694
646
106
796
90
41
1543
17
1772
34
162
12
737
22
134
393
8
35
1674
91
1887
9
15
62
733
1299
334
10
55
22
3239
23
1842
1513
82
41
273
556
1621
120
2417
65
3355
15
3278
113
767
3529
17
11
1408
8
13
2706
1132
44
879
94
1034
215
270
837
22
2176
317
8
394
21
559
160
11
337
46
9
658
37
135
2212
582
10
3110
205
10
188
2427
54
1048
18
640
271
502
756
994
48
411
1378
49
40
130
3434
28
186
10
163
224
29
772
133
16
112
174
220
100
8
181
61
56
47
142
157
56
313
29
14
1917
53
84
412
272
1377
353
968
64
15
693
63
57
133
1049
2029
65
802
111
829
29
2532
222
3602
526
3963
142
3716
10
18
227
2605
124
2406
268
148
828
415
35
233
815
3105
1836
11
1817
16
2969
29
59
1449
108
216
32
3009
194
74
104
120
1202
141
280
68
1615
152
721
1896
2815
2614
3446
441
2664
702
11
1223
35
95
90
466
12
666
2960
168
630
415
2220
536
3847
1013
16
1156
35
19
346
253
378
1093
2104
9
714
1813
17
476
318
26
2547
50
320
57
2922
498
167
75
367
461
3933
204
61
3783
51
2200
38
8
10
1658
9
18
453
2369
368
1416
1074
826
2949
1495
97
1877
18
136
471
239
296
345
79
27
39
77
24
10
1288
2753
2976
215
97
142
89
110
321
177
65
518
1098
306
107
810
114
45
13
9
774
784
9
57
1185
97
3428
11
33
20
15
186
251
208
10
3070
3703
1969
1478
297
1527
421
675
419
32
18
1486
16
1799
2471
331
348
16
14
2505
2512
3029
75
129
25
195
9
585
215
236
25
165
218
12
61
285
2422
112
48
254
454
1902
94
32
855
1020
1336
1305
2162
83
28
47
63
268
771
3459
13
876
17
353
906
57
255
866
90
68
61
54
962
13
60
1914
108
25
15
405
3206
90
132
60
937
472
360
14
31
1216
12
911
9
28
1410
1056
3529
90
228
79
26
61
19
3241
1758
2547
54
47
16
104
2408
224
1177
79
59
9
164
93
311
651
28
498
148
33
61
916
153
54
20
153
19
1217
1189
45
34
523
28
234
108
1012
3059
1146
994
31
22
14
664
468
173
51
1335
21
3229
867
90
871
198
1730
11
17
66
28
2731
346
2796
23
791
353
689
376
1567
18
108
389
1270
307
25
211
631
19
1368
210
51
38
799
20
8
39
154
218
89
45
26
60
68
18
3136
13
830
540
635
325
43
300
554
13
23
61
365
63
146
125
58
33
603
11
85
22
58
57
606
22
324
2034
173
2764
9
135
163
34
321
453
49
1749
34
119
3028
1719
917
9
479
33
151
3525
2451
399
181
912
1109
46
13
2941
131
18
1495
2852
225
62
1694
9
9
2379
18
58
1040
1357
875
27
583
200
33
1223
29
22
1078
18
38
855
2068
187
9
118
137
162
277
899
2030
15
14
30
314
16
17
25
2128
81
8
16
280
21
409
40
3321
52
1973
31
2098
19
3348
37
444
8
564
267
168
684
60
1496
46
105
11
1839
3844
25
201
71
256
214
145
314
20
14
56
16
1728
27
66
906
1155
969
8
2246
1003
21
150
739
1816
1129
276
21
521
13
171
17
42
8
156
48
8
2861
66
20
186
16
761
80
56
12
319
286
53
12
161
13
31
3026
43
253
29
52
673
1949
89
28
149
481
543
2935
101
550
2099
840
1416
1714
60
9
34
426
260
48
534
1739
72
21
102
10
285
554
321
1065
3643
948
18
81
119
339
171
16
8
2178
1117
80
16
13
34
120
16
2598
224
531
31
524
8
9
1413
103
12
1763
14
17
469
227
2119
37
2323
63
55
1746
2252
60
33
629
21
1165
38
91
612
1359
59
601
3157
232
78
3188
10
27
1438
16
12
2568
630
25
2557
334
2063
51
92
28
22
52
3791
94
143
20
480
23
8
73
8
59
11
112
60
109
1564
76
13
562
2706
20
12
426
1129
8
623
582
52
252
72
2605
1648
1209
1075
1034
106
129
3091
106
1190
109
27
57
1540
208
787
21
69
1310
1481
47
117
81
88
33
1446
240
2412
18
15
769
216
109
232
58
28
3095
939
21
82
9
301
285
70
2030
259
242
10
2271
79
69
469
40
709
181
168
8
10
1781
21
363
342
20
9
348
146
620
270
601
1702
97
25
2243
121
227
1138
138
241
53
1371
83
461
161
428
1431
3656
18
1604
174
140
149
278
211
375
347
18
240
53
21
36
400
264
116
224
140
115
1119
84
121
14
29
1278
30
586
136
10
18
10
75
14
190
49
498
10
2315
756
23
2435
177
1099
385
17
1272
195
17
44
2829
2450
474
1507
9
1729
482
34
8
16
807
364
390
15
652
18
93
81
408
951
268
41
579
11
11
975
26
1806
47
1021
353
591
625
733
222
713
317
26
107
12
969
21
560
94
721
91
3845
296
32
392
1233
1092
70
3125
57
100
762
190
795
9
851
70
673
133
12
37
415
17
2206
11
481
534
527
67
221
1662
26
212
123
109
365
38
524
3240
29
3747
1427
2830
3123
9
3224
664
87
19
22
2462
89
40
192
49
55
23
115
128
195
111
53
660
2955
825
316
9
